915346484429
916518650351
411815166437
388988016135
812788320292
210278571640
298575795379
300939906583
805220422390
297581344792
235564346003
92549168905
676474412154
428722834871
17661502085
958398754603
137720010397
143543988794
750107596719
107339370656
55267753924
632673401558
248409795601
297620588630
349504005784
812715454558
261234435984
400006646297
874091168733
224641789137
311952934682
554281132018
138621105292
620244527273
627434363107
166155176609
962469601086
682650787275
674197184650
346584093910
311859245080
15732153034
544364490483
746068477572
528475722557
373885588876
925983469067
413928405733
821913547936
716533421362
882126008051
303761956238
866451636166
943387384596
609665904129
401003852533
174979190943
346491156071
963097169536
856752389435
628636210169
558007266414
137328181363
801178307032
176889325089
401063879844
616002962748
578169483021
7711841023
23732371383
322956086675
921784920256
599112487006
553019957176
136794655112
172825994212
108443347753
82456410078
849506731790
515525914928
12177171352
679951637607
624355018876
404675046096
639216471090
695210609519
716060448291
242995444511
306300549077
142060209550
423951125418
664472066467
78020274362
689605174651
232952048516
941444847489
144113886651
447785758640
561405822497
574445142477
629403922151
233060245698
785915914494
34514419460
505003196758
841782288627
396881118286
373226625553
963097169356
236400313136
993686376453
252378955251
523083986212
989193854422
198224006482
588809089757
408320190796
204023198347
443911407487
627505517340
957976706529
195142709521
184015096402
787021405662
69111260224
716801771193
22948157480
763408751296